seqnames	start	end	width	strand	major_cn	minor_cn	clonal_frequency
1	17500	144915331	144897832	*	1	1	0.54
1	144915332	147959385	3044054	*	2	1	0.54
1	147959386	149718742	1759357	*	2	1	0.54
1	149718743	249250620	99531878	*	2	1	0.54
2	17500	242979500	242962001	*	1	1	0.54
3	83293	14628446	14545154	*	1	1	0.54
3	14628447	28007759	13379313	*	1	0	0.54
3	28007760	60016785	32009026	*	1	1	0.54
3	60016786	60044878	28093	*	1	0	0.54
3	60044879	77528478	17483600	*	1	1	0.54
3	77528479	93899999	16371521	*	1	0	0.54
3	93900000	101381324	7481325	*	1	1	0.54
3	101381325	123074453	21693129	*	1	0	0.54
3	123074454	124274265	1199812	*	2	1	0.54
3	124274266	126008561	1734296	*	1	1	0.54
3	126008562	126139840	131279	*	1	0	0.54
3	126139841	126296414	156574	*	1	1	0.54
3	126296415	136638619	10342205	*	1	1	0.54
3	136638620	198022429	61383810	*	1	1	0.54
4	9997	191154275	191144279	*	1	1	0.54
5	1	34801171	34801171	*	1	1	0.54
5	34801172	34979802	178631	*	2	1	0.54
5	34979803	56951983	21972181	*	1	1	0.54
5	56951984	59511515	2559532	*	1	0	0.54
5	59511516	60037964	526449	*	1	1	0.54
5	60037965	76366283	16328319	*	1	0	0.54
5	76366284	77212083	845800	*	1	1	0.54
5	77212084	77569263	357180	*	1	0	0.54
5	77569264	77710296	141033	*	1	1	0.54
5	77710297	78557315	847019	*	2	1	0.54
5	78557316	79837302	1279987	*	1	1	0.54
5	79837303	180715810	100878508	*	1	1	0.54
6	227293	170899456	170672164	*	1	1	0.54
7	42500	159138662	159096163	*	1	1	0.54
8	156504	146364021	146207518	*	1	1	0.54
9	120650	141213430	141092781	*	1	1	0.54
10	95074	21210295	21115222	*	1	1	0.54
10	21210296	24888155	3677860	*	1	0	0.54
10	24888156	26439989	1551834	*	1	1	0.54
10	26439990	27651116	1211127	*	1	0	0.54
10	27651117	27690870	39754	*	1	1	0.54
10	27690871	28967187	1276317	*	1	0	0.54
10	28967188	34947678	5980491	*	1	1	0.54
10	34947679	35742424	794746	*	1	0	0.54
10	35742425	135309487	99567063	*	1	1	0.54
11	196944	67864297	67667354	*	1	1	0.54
11	67864298	68952965	1088668	*	1	0	0.54
11	68952966	69467441	514476	*	1	1	0.54
11	69467442	69970157	502716	*	1	0	0.54
11	69970158	70653882	683725	*	1	1	0.54
11	70653883	135006515	64352633	*	1	0	0.54
12	67500	32916207	32848708	*	2	0	0.54
12	32916208	90492607	57576400	*	2	1	0.54
12	90492608	91079295	586688	*	2	0	0.54
12	91079296	91364237	284942	*	2	1	0.54
12	91364238	112189000	20824763	*	2	0	0.54
12	112189001	112326122	137122	*	2	0	0.54
12	112326123	133851894	21525772	*	2	0	0.54
13	16300000	115169877	98869878	*	1	1	0.54
14	19100000	20498537	1398538	*	2	0	0.54
14	20498538	89747499	69248962	*	2	0	0.54
14	89747500	106362500	16615001	*	2	0	0.54
15	15800000	102531391	86731392	*	1	1	0.54
16	84170	46442499	46358330	*	1	0	0.54
16	46442500	90354752	43912253	*	1	0	0.54
17	2500	81195209	81192710	*	1	1	0.54
18	12500	78077247	78064748	*	1	1	0.54
19	256011	59128982	58872972	*	1	1	0.54
20	62500	2704946	2642447	*	1	0	0.54
20	2704947	6770584	4065638	*	1	1	0.54
20	6770585	11610170	4839586	*	1	0	0.54
20	11610171	13684039	2073869	*	1	1	0.54
20	13684040	23326569	9642530	*	1	0	0.54
20	23326570	23583768	257199	*	1	1	0.54
20	23583769	25006081	1422313	*	1	0	0.54
20	25006082	25168069	161988	*	1	1	0.54
20	25168070	29532764	4364695	*	1	0	0.54
20	29532765	63025519	33492755	*	1	1	0.54
21	1	48129894	48129894	*	1	1	0.54
22	12200000	51304565	39104566	*	1	0	0.54
